Merged rows: 9
Columns: ['year', 'count_titles', 'avg_score', 'median_score', 'avg_members', 'anime_trend']

Correlation:
                  year  count_titles  avg_score  median_score  avg_members  anime_trend
year          1.000000     -0.449264  -0.194377     -0.248282    -0.384040     0.945387
count_titles -0.449264      1.000000   0.464155      0.463685     0.266797    -0.371750
avg_score    -0.194377      0.464155   1.000000      0.973046     0.316701    -0.148388
median_score -0.248282      0.463685   0.973046      1.000000     0.432161    -0.220571
avg_members  -0.384040      0.266797   0.316701      0.432161     1.000000    -0.441441
anime_trend   0.945387     -0.371750  -0.148388     -0.220571    -0.441441     1.000000